
Iter: 1 fn: -1.7443	 Pars:  0.03747 0.09464 0.23546 0.27281 0.23156 0.08729 0.03203 0.00873
Iter: 2 fn: -1.7487	 Pars:  0.033284 0.108718 0.222161 0.279214 0.217055 0.102206 0.031466 0.005896
Iter: 3 fn: -1.7487	 Pars:  0.033268 0.109222 0.221799 0.278603 0.216464 0.104031 0.030925 0.005686
Iter: 4 fn: -1.7487	 Pars:  0.033268 0.109222 0.221799 0.278603 0.216465 0.104031 0.030925 0.005686
solnp--> Completed in 4 iterations
