
Iter: 1 fn: -1.9401	 Pars:  0.02299 0.06531 0.11827 0.18039 0.20818 0.17931 0.15117 0.07438
Iter: 2 fn: -1.9415	 Pars:  0.02538 0.06197 0.11854 0.17765 0.20858 0.19166 0.13815 0.07807
Iter: 3 fn: -1.9415	 Pars:  0.02539 0.06198 0.11854 0.17761 0.20851 0.19177 0.13819 0.07802
Iter: 4 fn: -1.9415	 Pars:  0.02539 0.06198 0.11854 0.17761 0.20851 0.19177 0.13819 0.07802
solnp--> Completed in 4 iterations
